function [f,e,g,LB,UB]=aex1416_norm(xnorm)
%%%%%%%%%%%%%%%%%%%%%%%%%%%%%%%%%%%%%%%%%%%%%%%%%%%%%%%%%%%%%%%%%%%%%%%%%%
%
% Example 14_1_6 Function
%
% Author: Syed Ali Zaryab
%
%%%%%%%%%%%%%%%%%%%%%%%%%%%%%%%%%%%%%%%%%%%%%%%%%%%%%%%%%%%%%%%%%%%%%%%%%%
%
% INPUTS:
%
% xo=[-1,-1,-1,-1,-1,-1,-1,-1,-1]
% minimum at 
% x(1) = 0.671554
% x(2) =  0.740955
% x(3) =  -0.651591
% x(4) =  -0.758571
% x(5) =  -0.962545
% x(6) =  0.271122
% x(7) =  -0.437578
% x(8) =  -0.899181
% x(9) =  1.61338e-16
% obj =  1.61338e-16
%e is equality constraint
%g is inequality constraint
%%%%%%%%%%%%%%%%%%%%%%%%%%%%%%%%%%%%%%%%%%%%%%%%%%%%%%%%%%%%%%%%%%%%%%%%%


LB=[-1,-1,-1,-1,-1,-1,-1,-1,-1];
UB=[1,1,1,1,1,1,1,1,1]; 
x= LB+xnorm.*(UB-LB);

x1=x(1) ;x2=x(2) ;x3=x(3) ;x4=x(4) ;x5=x(5) ;
x6=x(6) ;x7=x(7) ;x8=x(8) ;x9=x(9) ;


%minimize
f= x9;

%Constraints
%e is equality constraint e()=
%g is inequality constraint g()=

e(1)=  - 0.7623*x1 + 0.2238*x2 + 0.3461;

g(1)= 0.004731*x1*x3 - 0.1238*x1 - 0.3578*x2*x3 - 0.001637*x2 - 0.9338*x4 + x7...
     - x9 - 0.3571;

g(2)= 0.1238*x1 - 0.004731*x1*x3 + 0.3578*x2*x3 + 0.001637*x2 + 0.9338*x4 - x7...
     - x9 +0.3571;

g(3)= 0.2238*x1*x3 + 0.2638*x1 + 0.7623*x2*x3 - 0.07745*x2 - 0.6734*x4 - x7 - x9...
     - 0.6022;

g(4)= (-0.2238*x1*x3) - 0.2638*x1 - 0.7623*x2*x3 + 0.07745*x2 + 0.6734*x4 + x7...
     - x9 +0.6022;

g(5)= x6*x8 + 0.3578*x1 + 0.004731*x2 - x9 - 0;

g(6)=  - x6*x8 - 0.3578*x1 - 0.004731*x2 - x9 - 0;

g(7)= (-x7^2) - x8^2 - x9 +1;

g(8)= x1^2 + x2^2 - x9 - 1;

g(9)= (-x1^2) - x2^2 - x9 +1;

g(10)= x3^2 + x4^2 - x9 - 1;

g(11)= (-x3^2) - x4^2 - x9 +1;

g(12)= x5^2 + x6^2 - x9 - 1;

g(13)= (-x5^2) - x6^2 - x9 +1;

g(14)= x7^2 + x8^2 - x9 -1;


end
