function [f,e,g,LB,UB]=aex1412_norm(xnorm)
%%%%%%%%%%%%%%%%%%%%%%%%%%%%%%%%%%%%%%%%%%%%%%%%%%%%%%%%%%%%%%%%%%%%%%%%%%
%
% Example 14_1_2 Function
%
% Author: Syed Ali Zaryab
%
%%%%%%%%%%%%%%%%%%%%%%%%%%%%%%%%%%%%%%%%%%%%%%%%%%%%%%%%%%%%%%%%%%%%%%%%%%
%
% INPUTS:
%
% xo=[0.0001,0.0001,0.0001,0.0001,0.0001,0.0001]
% minimum at 
% x(1) =     0.0034302305
% x(2) =    31.3264934970
% x(3) =     0.0683504051
% x(4) =     0.8595289960
% x(5) =     0.0369624414
% x(6) =     0.0000000000
% obj =     0.0000000000
%e is equality constraint
%g is inequality constraint
%%%%%%%%%%%%%%%%%%%%%%%%%%%%%%%%%%%%%%%%%%%%%%%%%%%%%%%%%%%%%%%%%%%%%%%%%

LB=[0.0001,0.0001,0.0001,0.0001,0.0001,0.0001];
UB=[100,100,100,100,100,100];
x= LB+xnorm.*(UB-LB);

%minimize
f= x(6);


%Constraints
%e is equality constraint
e(1)= x(1)*x(2) + x(1) - 3*x(5) - 0;


%g is inequality constraint 

g(1)= 2.8845e-6*x(2)^2 + 4.4975e-7*x(2) + 2*x(1)*x(2) + x(1) +...
    0.000545176668613029*x(2)*x(3)+ 3.40735417883143e-5*x(2)*x(4) + x(2)*x(3)^2 - 10*x(5) - x(6) - 0;

g(2)= (-2.8845e-6*x(2)^2) - 4.4975e-7*x(2) - 2*x(1)*x(2) - x(1) -... 
    0.000545176668613029*x(2)*x(3) - 3.40735417883143e-5*x(2)*x(4) - x(2)*x(3)^2 + 10*x(5) - x(6) - 0;

g(3)= 0.386*x(3)^2 + 0.000410621754172864*x(3) + 0.000545176668613029*x(2)*x(3) +...
    2*x(2)*x(3)^2 - 8*x(5) - x(6) - 0;

g(4)= (-0.386*x(3)^2) - 0.000410621754172864*x(3) - 0.000545176668613029*x(2)*x(3) -...
    2*x(2)*x(3)^2 + 8*x(5) - x(6) - 0;

g(5)= 2*x(4)^2 + 3.40735417883143e-5*x(2)*x(4) - 40*x(5) - x(6) - 0;

g(6)= (-2*x(4)^2) - 3.40735417883143e-5*x(2)*x(4) + 40*x(5) - x(6) - 0;

g(7)= 9.615e-7*x(2)^2 + 4.4975e-7*x(2) + 0.193*x(3)^2 + 0.000410621754172864*x(3) +...
    x(4)^2+ x(1)*x(2) + x(1) + 0.000545176668613029*x(2)*x(3) + 3.40735417883143e-5*x(2)*x(4) +...
    x(2)*x(3)^2 - x(6) - 1;

g(8)= (-9.615e-7*x(2)^2) - 4.4975e-7*x(2) - 0.193*x(3)^2 - 0.000410621754172864*x(3) -...
     x(4)^2 - x(1)*x(2) - x(1) - 0.000545176668613029*x(2)*x(3) -...
     3.40735417883143e-5*x(2)*x(4)- x(2)*x(3)^2 - x(6) + 1;

end