function [f,e,g,LB,UB]=aex213_norm(xnorm)
%%%%%%%%%%%%%%%%%%%%%%%%%%%%%%%%%%%%%%%%%%%%%%%%%%%%%%%%%%%%%%%%%%%%%%%%%%
%
% Example 2_1_3 Function
%
% Author: Syed Ali Zaryab
%
%%%%%%%%%%%%%%%%%%%%%%%%%%%%%%%%%%%%%%%%%%%%%%%%%%%%%%%%%%%%%%%%%%%%%%%%%%
%
% INPUTS:
%
% xo=[0,0,0,0,0,0,0,0,0,0,0,0,0];
% minimum at 
% x(1) =     1.0000000000
% x(2) =     1.0000000000
% x(3) =     1.0000000000
% x(4) =     1.0000000000
% x(5) =     1.0000000000
% x(6) =     1.0000000000
% x(7) =     1.0000000000
% x(8) =     1.0000000000
% x(9) =     1.0000000000
% x(10) =     3.0000000000
% x(11) =     3.0000000000
% x(12) =     3.0000000000
% x(13) =     1.0000000000
% obj =   -15.0000000000
%e is equality constraint
%g is inequality constraint
%%%%%%%%%%%%%%%%%%%%%%%%%%%%%%%%%%%%%%%%%%%%%%%%%%%%%%%%%%%%%%%%%%%%%%%%%


LB=[0,0,0,0,0,0,0,0,0,0,0,0,0];
UB=[1,1,1,1,1,1,1,1,1,5,5,5,1]; 


x= LB+xnorm.*(UB-LB);

x1=x(1) ;x2=x(2) ;x3=x(3) ;x4=x(4) ;x5=x(5) ;
x6=x(6) ;x7=x(7) ;x8=x(8) ;x9=x(9) ;x10=x(10);
x11=x(11) ;x12=x(12) ;x13=x(13) ;

%minimize
f= 5*x1 - 0.5*(10*x1*x1 + 10*x2*x2 + 10*x3*x3 + 10*x4*x4) + 5*x2 + 5 ...
              *x3 + 5*x4 - x5 - x6 - x7 - x8 - x9 - x10 - x11 - x12 - x13;


%Constraints


e=[0];

g(1)=    2*x1 + 2*x2 + x10 + x11 - 10;

g(2)=    2*x1 + 2*x3 + x10 + x12 - 10;

g(3)=    2*x2 + 2*x3 + x11 + x12 - 10;

g(4)= - 8*x1 + x10 - 0;

g(5)=  - 8*x2 + x11 - 0;

g(6)=  - 8*x3 + x12 - 0;

g(7)=  - 2*x4 - x5 + x10 - 0;

g(8)=  - 2*x6 - x7 + x11 - 0;

g(9)=  - 2*x8 - x9 + x12 - 0;


end
