function [f,e,g,LB,UB]=aex311_norm(xnorm)
%%%%%%%%%%%%%%%%%%%%%%%%%%%%%%%%%%%%%%%%%%%%%%%%%%%%%%%%%%%%%%%%%%%%%%%%%%
%
% Example 3_1_1 Function
%
% Author: Syed Ali Zaryab
%
%%%%%%%%%%%%%%%%%%%%%%%%%%%%%%%%%%%%%%%%%%%%%%%%%%%%%%%%%%%%%%%%%%%%%%%%%%
%
% INPUTS:
%
% xo=[100,1000,1000,10,10,10,10,10];
% minimum at 
% x(1) =   584.3281753710
% x(2) =  1354.1644988200
% x(3) =  5110.7156710100
% x(4) =   182.4326253100
% x(5) =   295.5675732140
% x(6) =   217.5673746900
% x(7) =   286.8650520960
% x(8) =   395.5675732140
% obj =  7049.2083452100
%e is equality constraint
%g is inequality constraint
%%%%%%%%%%%%%%%%%%%%%%%%%%%%%%%%%%%%%%%%%%%%%%%%%%%%%%%%%%%%%%%%%%%%%%%%%


LB=[100,1000,1000,10,10,10,10,10];
UB=[10000,10000,10000,1000,1000,1000,1000,1000] ;

x= LB+xnorm.*(UB-LB);

%minimize
f= x(1) + x(2) + x(3);


%Constraints
%e is equality constraint
e=[0];


%g is inequality constraint 
g(1)=    0.0025*x(4) + 0.0025*x(6) -1;

g(2)= - 0.0025*x(4) + 0.0025*x(5) + 0.0025*x(7) - 1;

g(3)=  - 0.01*x(5) + 0.01*x(8) - 1;

g(4)= 100*x(1) - x(1)*x(6) + 833.33252*x(4) - 83333.333;

g(5)= x(2)*x(4) - x(2)*x(7) - 1250*x(4) + 1250*x(5) - 0;

g(6)= x(3)*x(5) - x(3)*x(8) - 2500*x(5)  +1249990;

end