function [f,e,g,LB,UB]=aex542_norm(xnorm)
%%%%%%%%%%%%%%%%%%%%%%%%%%%%%%%%%%%%%%%%%%%%%%%%%%%%%%%%%%%%%%%%%%%%%%%%%%
%
% Example 5_4_2 Function
%
% Author: Syed Ali Zaryab
%
%%%%%%%%%%%%%%%%%%%%%%%%%%%%%%%%%%%%%%%%%%%%%%%%%%%%%%%%%%%%%%%%%%%%%%%%%%
%
% INPUTS:
%
% xo=[100,1000,1000,10,10,10,10,10]
% minimum at 
% x(1) =  1026.9837379900
% x(2) =  1000.0000000000
% x(3) =  5485.2422080100
% x(4) =   265.0623821520
% x(5) =   280.5902123070
% x(6) =   134.9376178480
% x(7) =   284.4721698450
% x(8) =   380.5902123070
% obj =  7512.2259460000
%e is equality constraint
%g is inequality constraint
%%%%%%%%%%%%%%%%%%%%%%%%%%%%%%%%%%%%%%%%%%%%%%%%%%%%%%%%%%%%%%%%%%%%%%%%%

LB=[100,1000,1000,10,10,10,10,10];
UB=[10000,10000,10000,1000,1000,1000,1000,1000]; 

x= LB+xnorm.*(UB-LB);

x1=x(1) ;x2=x(2) ;x3=x(3) ;x4=x(4) ;x5=x(5) ;
x6=x(6) ;x7=x(7) ;x8=x(8) ;



%minimize
f= x1 + x2 + x3;


%Constraints

e=[0];

g(1)=    x4 + x6 - 400;

g(2)=  - x4 + x5 + x7 - 300;

g(3)=  - x5 + x8 - 100;

g(4)= x1 - x1*x6 + 833.333333333333*x4 - 83333.56302498473;

g(5)= x2*x4 - x2*x7 - 1250*x4 + 1250*x5 - 0;

g(6)= x3*x5 - x3*x8 - 2500*x5 +1249999.751568500;


end
