function [f,e,g,LB,UB]=aex723_norm(xnorm)
%%%%%%%%%%%%%%%%%%%%%%%%%%%%%%%%%%%%%%%%%%%%%%%%%%%%%%%%%%%%%%%%%%%%%%%%%%
%
% Example 7_2_3 Function
%
% Author: Syed Ali Zaryab
%
%%%%%%%%%%%%%%%%%%%%%%%%%%%%%%%%%%%%%%%%%%%%%%%%%%%%%%%%%%%%%%%%%%%%%%%%%%
%
% INPUTS:
%
% xo=[100,1000,1000,10,10,10,10,10]
% minimum at 
% x(1) =   579.6153595426
% x(2) =  1359.7832494553
% x(3) =  5109.8194634378
% x(4) =   182.0435962515
% x(5) =   295.6072214625
% x(6) =   217.9564037485
% x(7) =   286.4363747890
% x(8) =   395.6072214625
% obj =  7049.2180724356
%e is equality constraint
%g is inequality constraint
%%%%%%%%%%%%%%%%%%%%%%%%%%%%%%%%%%%%%%%%%%%%%%%%%%%%%%%%%%%%%%%%%%%%%%%%%


LB=[100,1000,1000,10,10,10,10,10];
UB=[10000,10000,10000,1000,1000,1000,1000,1000]; 
x= LB+xnorm.*(UB-LB);

x1=x(1) ;x2=x(2) ;x3=x(3) ;x4=x(4) ;x5=x(5) ;
x6=x(6) ;x7=x(7) ;x8=x(8) ;

%minimize
f=  x1 + x2 + x3;

%Constraints


e=[0];

g(1)= 833.33252*x4/x1/x6 + 100/x6 - 83333.333/(x1*x6) - 1;

g(2)= 1250*x5/x2/x7 + x4/x7 - 1250*x4/x2/x7 - 1;

g(3)= 1250000/(x3*x8) + x5/x8 - 2500*x5/x3/x8 - 1;

g(4)=    0.0025*x4 + 0.0025*x6 - 1;

g(5)=  - 0.0025*x4 + 0.0025*x5 + 0.0025*x7 - 1;

g(6)=  - 0.01*x5 + 0.01*x8 - 1;


end
